,0,1,2,3,4,5,6,7,8,9,10,11,12,13,14,15,16,17,18,19,20,21,22,23,24,25,26,27,28,29,30,31,32,33,34,35,36,37,38,39,40
0,0.35384615384615387,0.9000000000000001,0.536082474226804,0.40714285714285714,0.2928571428571428,0.22142857142857145,0.13131313131313133,-0.11111111111111112,0.23484848484848486,0.4727272727272727,0.01234567901234568,0.4732824427480926,0.6,-0.29870129870129875,-0.0003012653143201446,0.0299625468164794,-0.0018295870360690014,-0.03717472118959108,0.6890756302521008,0.008602150537634409,-0.00026673779674579886,0.10531697341513294,-0.006493506493506493,-0.020833333333333332,-0.01075268817204301,-0.03773584905660377,-0.0020202020202020206,-2.2727789267937906e-05,0.41389728096676737,0.28523489932885904,0.05768421052631578,0.043646283246192324,-0.019698725376593278,0.17750969409737183,0.34,0.0,0.0,1.0,0.9948931986606936,0.0029850746268656717,0.0
1,0.3269230769230769,1.0,0.5395189003436427,0.275,0.175,0.12857142857142856,0.18686868686868688,-0.11111111111111112,0.23106060606060608,0.4727272727272727,0.012592592592592594,0.4961832061068705,0.4333333333333334,0.9870129870129871,-0.0003012653143201446,0.0299625468164794,-0.0018295870360690014,-0.03717472118959108,0.6890756302521008,0.008767576509511993,-0.00026673779674579886,0.10224948875255624,-0.006493506493506493,-0.020833333333333332,-0.01075268817204301,-0.03773584905660377,-0.0020202020202020206,-2.2727789267937906e-05,0.41389728096676737,0.28523489932885904,0.05760863697705802,0.043646283246192324,-0.019698725376593278,0.17634971663407684,0.34,0.0,0.0,1.0,0.9948931986606936,0.005970149253731344,0.0
2,0.3,1.0,0.5567010309278351,0.27142857142857146,0.1857142857142857,0.14642857142857144,0.18181818181818182,-0.11111111111111112,0.2272727272727273,0.4727272727272727,0.012469135802469137,0.534351145038169,0.3666666666666667,0.9805194805194806,-0.0003012653143201446,0.029026217228464424,-0.0018295870360690014,-0.03717472118959108,0.6806722689075629,0.008933002481389576,-0.00026673779674579886,0.10429447852760737,-0.006493506493506493,-0.020833333333333332,-0.01075268817204301,-0.03773584905660377,-0.0020202020202020206,-2.2727789267937906e-05,0.41440080563947623,0.28579418344519014,0.05753306342780026,0.04226339319542321,-0.019698725376593278,0.17518973917078184,0.34,0.0,0.0,1.0,0.9948931986606936,0.008955223880597015,0.0
3,0.3038461538461539,1.0,0.5429553264604812,0.28214285714285714,0.1857142857142857,0.14285714285714285,0.18181818181818182,-0.11111111111111112,0.2272727272727273,0.4727272727272727,0.012469135802469137,0.549618320610687,0.38333333333333336,0.974025974025974,-0.0003012653143201446,0.02808988764044944,-0.0018295870360690014,-0.03717472118959108,0.6722689075630252,0.009098428453267164,-0.00026673779674579886,0.10838445807770962,-0.006493506493506493,-0.020833333333333332,-0.01075268817204301,-0.03773584905660377,-0.0020202020202020206,-2.2727789267937906e-05,0.4149043303121853,0.28635346756152125,0.0574574898785425,0.0408805031446541,-0.019698725376593278,0.17402976170748682,0.34,0.0,0.0,1.0,0.9948931986606936,0.011940298507462687,0.0
4,0.29615384615384616,1.0,0.5738831615120275,0.26428571428571423,0.17857142857142858,0.1392857142857143,0.19191919191919193,-0.11111111111111112,0.24242424242424243,0.4727272727272727,0.012469135802469137,0.5572519083969469,0.4000000000000001,0.9610389610389611,-0.0003012653143201446,0.027153558052434457,-0.0018295870360690014,-0.03717472118959108,0.6638655462184874,0.009263854425144748,-0.00026673779674579886,0.11247443762781187,-0.006493506493506493,-0.020833333333333332,-0.01075268817204301,0.15849056603773587,-0.0020202020202020206,-2.2727789267937906e-05,0.4154078549848942,0.28691275167785235,0.05738191632928474,0.039497613093884984,-0.019698725376593278,0.17286978424419183,0.34,0.0,0.0,1.0,0.9948931986606936,0.01492537313432836,0.0
5,0.3038461538461539,1.0,0.5807560137457044,0.2785714285714286,0.17857142857142858,0.1357142857142857,0.20202020202020202,-0.11111111111111112,0.24242424242424243,0.4727272727272727,0.012469135802469137,0.5572519083969469,0.3888888888888889,0.9610389610389611,-0.0003012653143201446,0.026217228464419477,-0.0018295870360690014,-0.03717472118959108,0.6554621848739496,0.009429280397022332,-0.00026673779674579886,0.11605316973415133,-0.006493506493506493,-0.020833333333333332,-0.01075268817204301,0.15849056603773587,-0.0020202020202020206,-2.2727789267937906e-05,0.4154078549848942,0.2874720357941834,0.057306342780026984,0.03811472304311587,-0.019698725376593278,0.17170980678089684,0.34,0.0,0.0,1.0,0.9948931986606936,0.01791044776119403,0.0
6,0.3038461538461539,1.0,0.5841924398625429,0.2785714285714286,0.175,0.13214285714285715,0.18181818181818182,-0.11111111111111112,0.24242424242424243,0.4727272727272727,0.012469135802469137,0.5699745547073789,0.3777777777777778,0.9610389610389611,-0.0003012653143201446,0.025280898876404497,-0.0018295870360690014,-0.03717472118959108,0.6470588235294117,0.009594706368899916,-0.00026673779674579886,0.1196319018404908,-0.006493506493506493,-0.020833333333333332,-0.01075268817204301,0.15597484276729562,-0.0020202020202020206,-2.2727789267937906e-05,0.41333081570996977,0.28803131991051456,0.057230769230769224,0.03673183299234675,-0.019698725376593278,0.17054982931760185,0.34,0.0,0.0,1.0,0.9948931986606936,0.020895522388059702,0.0
7,0.33076923076923076,0.9500000000000002,0.5910652920962198,0.3125,0.19642857142857142,0.15,0.1717171717171717,-0.11111111111111112,0.24242424242424243,0.4727272727272727,0.012469135802469137,0.5826972010178126,0.3666666666666667,0.9610389610389611,-0.0003012653143201446,0.024344569288389514,-0.0018295870360690014,-0.03717472118959108,0.6386554621848739,0.009760132340777503,-0.00026673779674579886,0.12321063394683027,-0.006493506493506493,-0.020833333333333332,-0.01075268817204301,0.15345911949685534,-0.0020202020202020206,-2.2727789267937906e-05,0.41125377643504535,0.28859060402684567,0.057155195681511464,0.03534894294157764,-0.019698725376593278,0.16938985185430683,0.34,0.0,0.0,1.0,0.9948931986606936,0.023880597014925373,0.0
8,0.33076923076923076,0.9375,0.5962199312714775,0.3017857142857143,0.18749999999999997,0.1392857142857143,0.196969696969697,-0.11111111111111112,0.24242424242424243,0.4727272727272727,0.012469135802469137,0.5954198473282446,0.35555555555555557,0.9610389610389611,-0.0003012653143201446,0.023408239700374533,-0.0018295870360690014,-0.03717472118959108,0.6302521008403361,0.009925558312655087,-0.00026673779674579886,0.12678936605316973,-0.006493506493506493,-0.020833333333333332,-0.01075268817204301,0.1509433962264151,-0.0020202020202020206,-2.2727789267937906e-05,0.4091767371601208,0.2891498881431767,0.057079622132253705,0.03396605289080853,-0.019698725376593278,0.16822987439101184,0.34,0.0,0.0,1.0,0.9948931986606936,0.026865671641791045,0.0
9,0.3,0.9375,0.5945017182130585,0.3285714285714285,0.19999999999999998,0.15357142857142858,0.13131313131313133,-0.11111111111111112,0.24242424242424243,0.4727272727272727,0.012469135802469137,0.5954198473282446,0.3481481481481482,0.7337662337662338,-0.0003012653143201446,0.022471910112359553,-0.0018295870360690014,-0.03717472118959108,0.6302521008403361,0.01009098428453267,-0.00026673779674579886,0.12453987730061353,-0.006493506493506493,-0.020833333333333332,-0.01075268817204301,0.1509433962264151,-0.0020202020202020206,-2.2727789267937906e-05,0.4070996978851964,0.2897091722595079,0.057004048582995945,0.032583162840039405,-0.019698725376593278,0.16706989692771684,0.34,0.0,0.0,1.0,0.9948931986606936,0.029850746268656716,0.0
10,0.31153846153846154,1.0,0.5979381443298968,0.2964285714285714,0.1892857142857143,0.14642857142857144,0.12121212121212123,-0.11111111111111112,0.24242424242424243,0.4727272727272727,0.012469135802469137,0.599236641221375,0.34074074074074073,0.8344155844155845,-0.0003012653143201446,0.02153558052434457,-0.0018295870360690014,-0.03717472118959108,0.6302521008403361,0.010256410256410255,-0.00026673779674579886,0.12229038854805727,-0.006493506493506493,-0.020833333333333332,-0.01075268817204301,0.14339622641509434,-0.0020202020202020206,-2.2727789267937906e-05,0.40502265861027187,0.2902684563758389,0.056928475033738185,0.03120027278927029,-0.019698725376593278,0.16590991946442185,0.34,0.0,0.0,1.0,0.9948931986606936,0.03283582089552239,0.0
11,0.3423076923076923,0.9750000000000001,0.5979381443298968,0.24285714285714285,0.18214285714285713,0.14642857142857144,0.32323232323232326,-0.11111111111111112,0.24242424242424243,0.4727272727272727,0.012469135802469137,0.6030534351145045,0.33333333333333337,0.9350649350649352,-0.0003012653143201446,0.02059925093632959,-0.0018295870360690014,-0.03717472118959108,0.6302521008403361,0.010421836228287842,-0.00026673779674579886,0.12004089979550103,0.055194805194805185,-0.020833333333333332,-0.01075268817204301,0.13584905660377358,-0.0020202020202020206,-2.2727789267937906e-05,0.40294561933534734,0.29082774049217003,0.056852901484480425,0.02981738273850118,-0.019698725376593278,0.16474994200112683,0.34,0.0,0.0,1.0,0.9948931986606936,0.035820895522388055,0.0
12,0.31923076923076926,0.9500000000000002,0.5979381443298968,0.30000000000000004,0.1857142857142857,0.1392857142857143,0.13131313131313133,-0.11111111111111112,0.24242424242424243,0.4727272727272727,0.012469135802469137,0.6030534351145045,0.34,0.9350649350649352,-0.0003012653143201446,0.01966292134831461,-0.0018295870360690014,-0.03717472118959108,0.6302521008403361,0.010587262200165426,-0.00026673779674579886,0.1177914110429448,0.055194805194805185,-0.020833333333333332,-0.01075268817204301,0.12830188679245286,-0.0020202020202020206,-2.2727789267937906e-05,0.4008685800604229,0.2913870246085011,0.05677732793522268,0.028434492687732068,-0.019698725376593278,0.16358996453783184,0.34,0.0,0.0,1.0,0.9948931986606936,0.03880597014925373,0.0
13,0.3076923076923077,0.9500000000000002,0.6013745704467353,0.30714285714285716,0.19285714285714287,0.15,0.25252525252525254,-0.11111111111111112,0.2481060606060606,0.4727272727272727,0.012469135802469137,0.606870229007634,0.34666666666666673,0.9350649350649352,-0.0003012653143201446,0.018726591760299626,-0.0018295870360690014,-0.03717472118959108,0.6302521008403361,0.01075268817204301,-0.00026673779674579886,0.11554192229038857,0.055194805194805185,-0.020833333333333332,-0.01075268817204301,0.12075471698113208,-0.0020202020202020206,-2.2727789267937906e-05,0.3987915407854984,0.29194630872483224,0.056701754385964906,0.02705160263696295,-0.019698725376593278,0.16242998707453685,0.34,0.0,0.0,1.0,0.9948931986606936,0.0417910447761194,0.0
14,0.3269230769230769,0.9500000000000002,0.5945017182130585,0.34285714285714286,0.21785714285714283,0.17142857142857143,0.24242424242424243,-0.11111111111111112,0.2537878787878788,0.4727272727272727,0.012469135802469137,0.6106870229007635,0.35333333333333333,0.9350649350649352,-0.0003012653143201446,0.018726591760299626,-0.0018295870360690014,-0.03717472118959108,0.6302521008403361,0.010669975186104219,-0.00026673779674579886,0.11042944785276074,0.055194805194805185,-0.020833333333333332,-0.01075268817204301,0.12075471698113208,-0.0020202020202020206,-2.2727789267937906e-05,0.3987915407854984,0.29194630872483224,0.05662618083670716,0.02705160263696295,-0.019698725376593278,0.16080601862592384,0.34,0.0,0.0,1.0,0.9948931986606936,0.04477611940298507,0.0
15,0.3269230769230769,0.9125000000000001,0.5945017182130585,0.31785714285714284,0.20357142857142854,0.15714285714285714,0.2828282828282828,-0.11111111111111112,0.25946969696969696,0.47709090909090907,0.012469135802469137,0.6145038167938939,0.36,0.9350649350649352,-0.0003012653143201446,0.018726591760299626,-0.0018295870360690014,-0.03717472118959108,0.6282352941176471,0.010587262200165426,-0.00026673779674579886,0.10531697341513294,0.055194805194805185,-0.020833333333333332,-0.01075268817204301,0.11924528301886794,-0.0020202020202020206,-2.2727789267937906e-05,0.4051359516616314,0.2939597315436242,0.056550607287449386,0.02707888156399182,-0.019698725376593278,0.15918205017731085,0.34,0.0,0.0,1.0,0.9948931986606936,0.04776119402985075,0.0
16,0.33461538461538465,0.9125000000000001,0.5979381443298968,0.3142857142857143,0.21071428571428572,0.16785714285714284,0.32323232323232326,-0.11111111111111112,0.26515151515151514,0.4814545454545454,0.012469135802469137,0.6183206106870234,0.3666666666666667,0.9350649350649352,-0.0003012653143201446,0.018726591760299626,-0.0018295870360690014,-0.03717472118959108,0.6262184873949579,0.010504549214226635,-0.00026673779674579886,0.10020449897750512,0.055194805194805185,-0.020833333333333332,-0.01075268817204301,0.11773584905660378,-0.0020202020202020206,-2.2727789267937906e-05,0.4114803625377643,0.2959731543624161,0.05647503373819164,0.027106160491020694,-0.019698725376593278,0.15755808172869784,0.34,0.0,0.0,1.0,0.9948931986606936,0.050746268656716415,0.0
17,0.3384615384615385,0.9500000000000002,0.5910652920962198,0.32499999999999996,0.21071428571428572,0.16428571428571428,0.25252525252525254,-0.11111111111111112,0.26515151515151514,0.48581818181818176,0.012469135802469137,0.6183206106870234,0.35555555555555557,0.9350649350649352,-0.0003012653143201446,0.018726591760299626,-0.0018295870360690014,-0.03717472118959108,0.6242016806722689,0.010421836228287842,-0.00026673779674579886,0.10531697341513294,0.055194805194805185,-0.020833333333333332,-0.01075268817204301,0.11622641509433962,-0.0020202020202020206,-2.2727789267937906e-05,0.4178247734138971,0.2979865771812081,0.05639946018893387,0.02713343941804956,-0.019698725376593278,0.15593411328008483,0.34,0.0,0.0,1.0,0.9948931986606936,0.05373134328358209,0.0
18,0.33076923076923076,0.925,0.5945017182130585,0.36071428571428565,0.22142857142857145,0.16785714285714284,0.25252525252525254,-0.11111111111111112,0.26515151515151514,0.49018181818181816,0.012469135802469137,0.6259541984732824,0.34444444444444444,0.9285714285714286,-0.0003012653143201446,0.018726591760299626,-0.0018295870360690014,-0.03717472118959108,0.6221848739495799,0.010339123242349047,-0.00026673779674579886,0.11042944785276074,0.055194805194805185,-0.020833333333333332,-0.01075268817204301,0.11471698113207549,-0.0020202020202020206,-2.2727789267937906e-05,0.42416918429003014,0.29999999999999993,0.05632388663967612,0.02716071834507843,-0.019698725376593278,0.15431014483147185,0.34,0.0,0.0,1.0,0.9948931986606936,0.05671641791044776,0.0
19,0.3807692307692308,0.925,0.5910652920962198,0.30714285714285716,0.21071428571428572,0.16785714285714284,0.37373737373737376,-0.11111111111111112,0.26515151515151514,0.4945454545454545,0.012469135802469137,0.6335877862595423,0.33333333333333337,0.9220779220779223,-0.0003012653143201446,0.018726591760299626,-0.0018295870360690014,-0.03717472118959108,0.6201680672268907,0.010256410256410255,-0.00026673779674579886,0.11554192229038857,0.055194805194805185,-0.020833333333333332,-0.01075268817204301,0.11320754716981132,-0.0020202020202020206,-2.2727789267937906e-05,0.43051359516616305,0.3020134228187919,0.05624831309041835,0.027187997272107304,-0.019698725376593278,0.15268617638285883,0.34,0.0,0.0,1.0,0.9948931986606936,0.059701492537313425,0.0
20,0.3653846153846154,0.9000000000000001,0.5979381443298968,0.2607142857142857,0.18214285714285713,0.14642857142857144,0.4040404040404041,-0.11111111111111112,0.25757575757575757,0.4989090909090909,0.012530864197530866,0.6183206106870234,0.3666666666666667,0.9350649350649352,-0.0003012653143201446,0.018726591760299626,-0.0018295870360690014,-0.03717472118959108,0.6181512605042017,0.010173697270471464,-0.00026673779674579886,0.12678936605316973,0.055194805194805185,-0.020833333333333332,-0.01075268817204301,0.11169811320754716,-0.0020202020202020206,-2.2727789267937906e-05,0.43051359516616305,0.3020134228187919,0.0561727395411606,0.027215276199136173,-0.019698725376593278,0.15106220793424585,0.34,0.0,0.0,1.0,0.9948931986606936,0.0626865671641791,0.0
21,0.31538461538461543,0.925,0.5876288659793814,0.24999999999999997,0.175,0.1357142857142857,0.2828282828282828,-0.11111111111111112,0.25,0.5032727272727272,0.012592592592592594,0.6030534351145045,0.3777777777777778,0.948051948051948,-0.0003012653143201446,0.018726591760299626,-0.0018295870360690014,-0.03717472118959108,0.6161344537815125,0.01009098428453267,-0.00026673779674579886,0.12451715519200182,0.055194805194805185,-0.020833333333333332,-0.01075268817204301,0.11018867924528303,-0.0020202020202020206,-2.2727789267937906e-05,0.43051359516616305,0.3020134228187919,0.05609716599190283,0.027242555126165042,-0.019698725376593278,0.14943823948563287,0.34,0.0,0.0,1.0,0.9948931986606936,0.06567164179104477,0.0
22,0.3230769230769231,0.9000000000000001,0.5773195876288659,0.31785714285714284,0.17857142857142858,0.16428571428571428,0.32323232323232326,-0.11111111111111112,0.2537878787878788,0.5076363636363637,0.012584362139917697,0.6011450381679388,0.3888888888888889,0.9496753246753247,-0.0003012653143201446,0.018726591760299626,-0.0018295870360690014,-0.03717472118959108,0.6141176470588234,0.01000827129859388,-0.00026673779674579886,0.12224494433083388,0.055194805194805185,-0.020833333333333332,-0.01075268817204301,0.10867924528301887,-0.0020202020202020206,-2.2727789267937906e-05,0.43051359516616305,0.3020134228187919,0.05602159244264508,0.02726983405319391,-0.019698725376593278,0.14781427103701986,0.34,0.0,0.0,1.0,0.9948931986606936,0.06865671641791045,0.0
23,0.33076923076923076,0.9000000000000001,0.5738831615120275,0.2678571428571429,0.1857142857142857,0.14285714285714285,0.33333333333333337,-0.11111111111111112,0.25757575757575757,0.512,0.0125761316872428,0.599236641221375,0.4000000000000001,0.9512987012987013,-0.0003012653143201446,0.018726591760299626,-0.0018295870360690014,-0.03717472118959108,0.6121008403361344,0.009925558312655087,-0.00026673779674579886,0.119972733469666,0.055194805194805185,-0.020833333333333332,-0.01075268817204301,0.1071698113207547,-0.0020202020202020206,-2.2727789267937906e-05,0.43051359516616305,0.3020134228187919,0.05594601889338731,0.027297112980222783,-0.019698725376593278,0.14619030258840687,0.34,0.0,0.0,1.0,0.9948931986606936,0.07164179104477612,0.0
24,0.3423076923076923,0.8875,0.5706431026018655,0.33571428571428574,0.2392857142857143,0.1857142857142857,0.33333333333333337,-0.11111111111111112,0.26136363636363635,0.5163636363636364,0.012567901234567903,0.5973282442748094,0.41111111111111115,0.952922077922078,-0.0003012653143201446,0.018726591760299626,-0.0018295870360690014,-0.03717472118959108,0.6100840336134453,0.009842845326716296,-0.00026673779674579886,0.11770052260849809,0.055194805194805185,0.1770833333333333,-0.01075268817204301,0.10566037735849057,-0.0020202020202020206,-2.2727789267937906e-05,0.43051359516616305,0.3020134228187919,0.05587044534412956,0.027324391907251656,-0.019698725376593278,0.14456633413979386,0.34,0.0,0.0,1.0,0.9948931986606936,0.07462686567164178,0.0
25,0.3461538461538462,0.925,0.5674030436917035,0.23214285714285712,0.21785714285714283,0.20714285714285716,0.35353535353535354,-0.11111111111111112,0.26515151515151514,0.5207272727272727,0.012559670781893005,0.5954198473282446,0.4222222222222222,0.9545454545454546,-0.0003012653143201446,0.018726591760299626,-0.0018295870360690014,-0.03717472118959108,0.6080672268907562,0.009760132340777503,-0.00026673779674579886,0.11542831174733015,0.055194805194805185,0.1770833333333333,-0.01075268817204301,0.10566037735849057,-0.0020202020202020206,-2.2727789267937906e-05,0.43051359516616305,0.3020134228187919,0.05579487179487179,0.02735167083428052,-0.019698725376593278,0.14294236569118085,0.34,0.0,0.0,1.0,0.9948931986606936,0.07761194029850746,0.0
26,0.33461538461538465,0.9125000000000001,0.5641629847815413,0.30714285714285716,0.21071428571428572,0.1607142857142857,0.22222222222222224,-0.11111111111111112,0.2689393939393939,0.525090909090909,0.012551440329218108,0.5935114503816799,0.4333333333333334,0.9561688311688312,-0.0003012653143201446,0.018726591760299626,-0.0018295870360690014,-0.03717472118959108,0.6060504201680672,0.00967741935483871,-0.00026673779674579886,0.11315610088616225,0.055194805194805185,0.17857142857142852,-0.01075268817204301,0.10539083557951481,-0.0020202020202020206,-2.2727789267937906e-05,0.43051359516616305,0.3020134228187919,0.05571929824561404,0.027378949761309394,-0.019698725376593278,0.14131839724256787,0.34,0.0,0.0,1.0,0.9948931986606936,0.08059701492537313,0.0
27,0.35000000000000003,0.9125000000000001,0.5609229258713795,0.3285714285714285,0.2678571428571429,0.22142857142857145,0.18181818181818182,-0.11111111111111112,0.2727272727272727,0.5294545454545454,0.012543209876543211,0.5916030534351151,0.4444444444444445,0.9577922077922079,-0.0003012653143201446,0.018726591760299626,-0.0018295870360690014,-0.03717472118959108,0.6040336134453781,0.009594706368899916,-0.00026673779674579886,0.11088389002499432,0.055194805194805185,0.18005952380952378,-0.01075268817204301,0.10512129380053908,-0.0020202020202020206,-2.2727789267937906e-05,0.43051359516616305,0.3020134228187919,0.05564372469635627,0.027406228688338263,-0.019698725376593278,0.13969442879395486,0.34,0.0,0.0,1.0,0.9948931986606936,0.08358208955223881,0.0
28,0.28461538461538466,0.9500000000000002,0.5576828669612173,0.32499999999999996,0.225,0.16785714285714284,0.21212121212121213,-0.11111111111111112,0.2765151515151515,0.5338181818181817,0.012534979423868314,0.5896946564885504,0.45555555555555555,0.9594155844155845,-0.0003012653143201446,0.018726591760299626,-0.0018295870360690014,-0.03717472118959108,0.6020168067226891,0.009511993382961124,-0.00026673779674579886,0.10861167916382641,0.055194805194805185,0.181547619047619,-0.01075268817204301,0.10485175202156335,-0.0020202020202020206,-2.2727789267937906e-05,0.43051359516616305,0.3020134228187919,0.055568151147098524,0.027433507615367135,-0.019698725376593278,0.13807046034534187,0.34,0.0,0.0,1.0,0.9948931986606936,0.08656716417910447,0.0
29,0.3038461538461539,0.9500000000000002,0.5544428080510555,0.3107142857142857,0.225,0.17142857142857143,0.1717171717171717,-0.11111111111111112,0.28030303030303033,0.5381818181818182,0.012526748971193416,0.5877862595419847,0.46666666666666673,0.9610389610389611,-0.0003012653143201446,0.018726591760299626,-0.0018295870360690014,-0.03717472118959108,0.6,0.009429280397022332,-0.00026673779674579886,0.10633946830265849,0.055194805194805185,0.18303571428571425,-0.01075268817204301,0.1045822102425876,-0.0020202020202020206,-2.2727789267937906e-05,0.43051359516616305,0.3020134228187919,0.05549257759784075,0.027460786542396004,-0.019698725376593278,0.13644649189672886,0.34,0.0,0.0,1.0,0.9948931986606936,0.08955223880597014,0.0
30,0.31538461538461543,0.9500000000000002,0.5512027491408933,0.275,0.19642857142857142,0.15,0.26262626262626265,-0.11111111111111112,0.28030303030303033,0.5425454545454546,0.012518518518518519,0.5877862595419847,0.46666666666666673,0.9610389610389611,-0.0003012653143201446,0.018726591760299626,-0.0018295870360690014,-0.03717472118959108,0.5979831932773109,0.00934656741108354,-0.00026673779674579886,0.1072597137014315,0.055194805194805185,0.18452380952380948,-0.01075268817204301,0.10431266846361187,-0.0020202020202020206,-2.2727789267937906e-05,0.42477341389728085,0.2973154362416107,0.055417004048583005,0.027488065469424873,-0.019698725376593278,0.13482252344811585,0.34,0.0,0.0,1.0,0.9948931986606936,0.09253731343283582,0.0
31,0.2923076923076923,0.9375,0.5522336769759448,0.30714285714285716,0.21428571428571427,0.15714285714285714,0.15151515151515152,-0.11111111111111112,0.28030303030303033,0.5469090909090909,0.012444444444444445,0.5877862595419847,0.46666666666666673,0.9610389610389611,-0.0003012653143201446,0.018726591760299626,-0.0018295870360690014,-0.03717472118959108,0.5959663865546219,0.009263854425144748,-0.00026673779674579886,0.1081799591002045,0.055194805194805185,0.18601190476190474,-0.01075268817204301,0.10404312668463611,-0.0020202020202020206,-2.2727789267937906e-05,0.41903323262839876,0.29261744966442954,0.05534143049932523,0.027515344396453745,-0.019698725376593278,0.1331985549995029,0.34,0.0,0.0,1.0,0.9948931986606936,0.0955223880597015,0.0
32,0.27692307692307694,0.9750000000000001,0.5532646048109966,0.2964285714285714,0.19999999999999998,0.15,0.16161616161616163,-0.11111111111111112,0.28030303030303033,0.5512727272727272,0.012469135802469137,0.5877862595419847,0.46666666666666673,0.9610389610389611,-0.0003012653143201446,0.018726591760299626,-0.0018295870360690014,-0.03717472118959108,0.5939495798319328,0.009181141439205955,-0.00026673779674579886,0.10910020449897752,0.055194805194805185,0.18749999999999997,-0.01075268817204301,0.10377358490566038,-0.0020202020202020206,-2.2727789267937906e-05,0.41329305135951655,0.2879194630872483,0.055265856950067485,0.027542623323482618,-0.019698725376593278,0.13157458655088985,0.34,0.0,0.0,1.0,0.9948931986606936,0.09850746268656717,0.0
33,0.2653846153846154,0.9750000000000001,0.5542096219931272,0.375,0.2607142857142857,0.1892857142857143,0.18181818181818182,-0.11111111111111112,0.28030303030303033,0.5556363636363636,0.012469135802469137,0.5877862595419847,0.46666666666666673,0.9610389610389611,-0.0003012653143201446,0.018726591760299626,-0.0018295870360690014,-0.03717472118959108,0.5919327731092436,0.009098428453267164,-0.00026673779674579886,0.1100204498977505,0.055194805194805185,0.1889880952380952,-0.01075268817204301,0.10350404312668465,-0.0020202020202020206,-2.2727789267937906e-05,0.40755287009063434,0.2832214765100671,0.05519028340080971,0.027569902250511483,-0.019698725376593278,0.12995061810227687,0.34,0.0,0.0,1.0,0.9948931986606936,0.10149253731343283,0.0
34,0.2538461538461539,0.9750000000000001,0.5551546391752578,0.3142857142857143,0.22142857142857145,0.16785714285714284,0.1717171717171717,-0.11111111111111112,0.28030303030303033,0.5599999999999999,0.012469135802469137,0.5877862595419847,0.46666666666666673,0.9610389610389611,-0.0003012653143201446,0.018726591760299626,-0.0018295870360690014,-0.03717472118959108,0.5899159663865546,0.00901571546732837,-0.00026673779674579886,0.11094069529652352,0.055194805194805185,0.19047619047619044,-0.01075268817204301,0.1032345013477089,-0.0020202020202020206,-2.2727789267937906e-05,0.40181268882175225,0.2785234899328859,0.055114709851551966,0.027597181177540356,-0.019698725376593278,0.1283266496536639,0.34,0.0,0.0,1.0,0.9948931986606936,0.1044776119402985,0.0
35,0.2692307692307692,0.9750000000000001,0.5560996563573881,0.32499999999999996,0.22142857142857145,0.16428571428571428,0.18181818181818182,-0.11111111111111112,0.28030303030303033,0.5643636363636363,0.012469135802469137,0.5877862595419847,0.46666666666666673,0.9610389610389611,-0.0003012653143201446,0.018726591760299626,-0.0018295870360690014,-0.03717472118959108,0.5878991596638654,0.008933002481389576,-0.00026673779674579886,0.11186094069529653,0.055194805194805185,0.19196428571428567,-0.01075268817204301,0.10296495956873317,-0.0020202020202020206,-2.2727789267937906e-05,0.39607250755287005,0.27382550335570466,0.05503913630229419,0.027624460104569225,-0.019698725376593278,0.12670268120505088,0.34,0.0,0.0,1.0,0.9948931986606936,0.10746268656716418,0.0
36,0.2538461538461539,0.9500000000000002,0.5570446735395189,0.3321428571428572,0.225,0.17142857142857143,0.15151515151515152,-0.11111111111111112,0.28030303030303033,0.5687272727272727,0.012469135802469137,0.5877862595419847,0.46666666666666673,0.9610389610389611,-0.0003012653143201446,0.018726591760299626,-0.0018295870360690014,-0.03717472118959108,0.5858823529411764,0.008850289495450785,-0.00026673779674579886,0.11278118609406954,0.055194805194805185,0.19345238095238096,-0.01075268817204301,0.10269541778975741,-0.0020202020202020206,-2.2727789267937906e-05,0.39033232628398784,0.26912751677852353,0.054963562753036446,0.027651739031598097,-0.019698725376593278,0.1250787127564379,0.34,0.0,0.0,1.0,0.9948931986606936,0.11044776119402985,0.0
37,0.24615384615384617,0.9625000000000001,0.5508591065292097,0.3321428571428572,0.23571428571428568,0.18214285714285713,0.16161616161616163,-0.11111111111111112,0.28030303030303033,0.5730909090909091,0.012469135802469137,0.5877862595419847,0.46666666666666673,0.9610389610389611,-0.0003012653143201446,0.018726591760299626,-0.0018295870360690014,-0.03717472118959108,0.5838655462184874,0.008767576509511993,-0.00026673779674579886,0.11370143149284255,0.055194805194805185,0.1949404761904762,-0.01075268817204301,0.10242587601078168,-0.0020202020202020206,-2.2727789267937906e-05,0.38459214501510575,0.2644295302013423,0.05488798920377867,0.027679017958626966,-0.019698725376593278,0.12345474430782488,0.34,0.0,0.0,1.0,0.9948931986606936,0.11343283582089551,0.0
38,0.2653846153846154,0.9875,0.5446735395189004,0.37142857142857144,0.24999999999999997,0.1892857142857143,0.1717171717171717,-0.11111111111111112,0.28030303030303033,0.5774545454545454,0.012469135802469137,0.5877862595419847,0.46666666666666673,0.9610389610389611,-0.0003012653143201446,0.018726591760299626,-0.0018295870360690014,-0.03717472118959108,0.5818487394957983,0.008684863523573201,-0.00026673779674579886,0.11462167689161554,0.055194805194805185,0.19642857142857142,-0.01075268817204301,0.10215633423180595,-0.0020202020202020206,-2.2727789267937906e-05,0.37885196374622354,0.2597315436241611,0.05481241565452093,0.027706296885655835,-0.019698725376593278,0.12183077585921188,0.34,0.0,0.0,1.0,0.9948931986606936,0.11641791044776119,0.0
39,0.2653846153846154,0.9750000000000001,0.5384879725085909,0.3821428571428571,0.26428571428571423,0.19999999999999998,0.19191919191919193,-0.11111111111111112,0.28030303030303033,0.5818181818181818,0.012469135802469137,0.5877862595419847,0.46666666666666673,0.9610389610389611,-0.0003012653143201446,0.018726591760299626,-0.0018295870360690014,-0.03717472118959108,0.5798319327731092,0.008602150537634409,-0.00026673779674579886,0.11554192229038857,0.055194805194805185,0.19791666666666666,-0.01075268817204301,0.1018867924528302,-0.0020202020202020206,-2.2727789267937906e-05,0.37311178247734134,0.2550335570469799,0.05473684210526315,0.027733575812684708,-0.019698725376593278,0.12020680741059889,0.34,0.0,0.0,1.0,0.9948931986606936,0.11940298507462686,0.0
40,0.28076923076923077,0.9625000000000001,0.5323024054982817,0.42499999999999993,0.30000000000000004,0.225,0.20202020202020202,-0.11111111111111112,0.28030303030303033,0.5818181818181818,0.012469135802469137,0.5877862595419847,0.46666666666666673,0.9610389610389611,-0.0003012653143201446,0.018726591760299626,-0.0018295870360690014,-0.03717472118959108,0.5798319327731092,0.008602150537634409,-0.00026673779674579886,0.11554192229038857,0.055194805194805185,0.19791666666666666,-0.01075268817204301,0.1018867924528302,-0.0020202020202020206,-2.2727789267937906e-05,0.37311178247734134,0.2550335570469799,0.05473684210526315,0.027733575812684708,-0.019698725376593278,0.12020680741059889,0.34,0.0,0.0,1.0,0.9948931986606936,0.12238805970149252,0.0
41,0.2692307692307692,0.9500000000000002,0.5347079037800688,0.3464285714285714,0.23571428571428568,0.17142857142857143,0.1717171717171717,-0.11111111111111112,0.28030303030303033,0.5818181818181818,0.012469135802469137,0.5877862595419847,0.46666666666666673,0.9610389610389611,-0.0003012653143201446,0.018726591760299626,-0.0018295870360690014,-0.03717472118959108,0.5798319327731092,0.008602150537634409,-0.00026673779674579886,0.11554192229038857,0.055194805194805185,0.19791666666666666,-0.01075268817204301,0.10235849056603774,-0.0020202020202020206,-2.2727789267937906e-05,0.37311178247734134,0.2550335570469799,0.05473684210526315,0.027733575812684708,-0.019698725376593278,0.12020680741059889,0.34,0.0,0.0,1.0,0.9948931986606936,0.1253731343283582,0.0
42,0.2730769230769231,0.9625000000000001,0.5371134020618558,0.31785714285714284,0.23214285714285712,0.175,0.21212121212121213,-0.11111111111111112,0.28030303030303033,0.5818181818181818,0.012469135802469137,0.5877862595419847,0.46666666666666673,0.9610389610389611,-0.0003012653143201446,0.018726591760299626,-0.0018295870360690014,-0.03717472118959108,0.5798319327731092,0.008602150537634409,-0.00026673779674579886,0.11554192229038857,0.055194805194805185,0.19791666666666666,-0.01075268817204301,0.10283018867924529,-0.0020202020202020206,-2.2727789267937906e-05,0.37311178247734134,0.2550335570469799,0.05473684210526315,0.027733575812684708,-0.019698725376593278,0.12020680741059889,0.34,0.0,0.0,1.0,0.9948931986606936,0.12835820895522387,0.0
43,0.2692307692307692,0.925,0.5395189003436427,0.3035714285714286,0.21071428571428572,0.15357142857142858,0.24242424242424243,-0.11111111111111112,0.28030303030303033,0.5818181818181818,0.012469135802469137,0.5877862595419847,0.46666666666666673,0.9610389610389611,-0.0003012653143201446,0.018726591760299626,-0.0018295870360690014,-0.03717472118959108,0.5798319327731092,0.008602150537634409,-0.00026673779674579886,0.11554192229038857,0.055194805194805185,0.19791666666666666,-0.01075268817204301,0.10330188679245284,-0.0020202020202020206,-2.2727789267937906e-05,0.37311178247734134,0.2550335570469799,0.05473684210526315,0.027733575812684708,-0.019698725376593278,0.12020680741059889,0.34,0.0,0.0,1.0,0.9948931986606936,0.13134328358208955,0.0
44,0.2884615384615385,0.9000000000000001,0.5419243986254296,0.36071428571428565,0.2464285714285714,0.18214285714285713,0.23232323232323232,-0.11111111111111112,0.28030303030303033,0.5818181818181818,0.012469135802469137,0.5877862595419847,0.46666666666666673,0.9610389610389611,-0.0003012653143201446,0.018726591760299626,-0.0018295870360690014,-0.03717472118959108,0.5798319327731092,0.008602150537634409,-0.00026673779674579886,0.11554192229038857,0.055194805194805185,0.19791666666666666,-0.01075268817204301,0.10377358490566038,-0.0020202020202020206,-2.2727789267937906e-05,0.37311178247734134,0.2550335570469799,0.05473684210526315,0.027733575812684708,-0.019698725376593278,0.12020680741059889,0.34,0.0,0.0,1.0,0.9948931986606936,0.13432835820895522,0.0
45,0.3038461538461539,0.8875,0.5390463917525772,0.35,0.23214285714285712,0.175,0.23232323232323232,-0.11111111111111112,0.28030303030303033,0.5818181818181818,0.012469135802469137,0.5877862595419847,0.46666666666666673,0.9610389610389611,-0.0003012653143201446,0.018726591760299626,-0.0018295870360690014,-0.03717472118959108,0.5798319327731092,0.008602150537634409,-0.00026673779674579886,0.11554192229038857,0.055194805194805185,0.19791666666666666,-0.01075268817204301,0.10424528301886793,-0.0020202020202020206,-2.2727789267937906e-05,0.37311178247734134,0.2550335570469799,0.05473684210526315,0.027733575812684708,-0.019698725376593278,0.12020680741059889,0.34,0.0,0.0,1.0,0.9948931986606936,0.1373134328358209,0.0
46,0.2923076923076923,0.9000000000000001,0.536168384879725,0.2607142857142857,0.1892857142857143,0.14285714285714285,0.18181818181818182,-0.11111111111111112,0.28030303030303033,0.5818181818181818,0.012469135802469137,0.5877862595419847,0.46666666666666673,0.9610389610389611,-0.0003012653143201446,0.018726591760299626,-0.0018295870360690014,-0.03717472118959108,0.5798319327731092,0.008602150537634409,-0.00026673779674579886,0.11554192229038857,0.055194805194805185,0.19791666666666666,-0.01075268817204301,0.10471698113207548,-0.0020202020202020206,-2.2727789267937906e-05,0.37311178247734134,0.2550335570469799,0.05473684210526315,0.027733575812684708,-0.019698725376593278,0.12020680741059889,0.34,0.0,0.0,1.0,0.9948931986606936,0.14029850746268657,0.0
47,0.2576923076923077,0.925,0.533290378006873,0.27142857142857146,0.17142857142857143,0.11785714285714285,0.16161616161616163,-0.11111111111111112,0.28030303030303033,0.5818181818181818,0.012469135802469137,0.5877862595419847,0.46666666666666673,0.9610389610389611,-0.0003012653143201446,0.018726591760299626,-0.0018295870360690014,-0.03717472118959108,0.5798319327731092,0.008602150537634409,-0.00026673779674579886,0.11554192229038857,0.055194805194805185,0.19791666666666666,-0.01075268817204301,0.105188679245283,-0.0020202020202020206,-2.2727789267937906e-05,0.37311178247734134,0.2550335570469799,0.05473684210526315,0.027733575812684708,-0.019698725376593278,0.12020680741059889,0.34,0.0,0.0,1.0,0.9948931986606936,0.14328358208955225,0.0
48,0.23846153846153845,0.9875,0.5304123711340205,0.28214285714285714,0.17857142857142858,0.11785714285714285,0.16161616161616163,-0.11111111111111112,0.28030303030303033,0.5818181818181818,0.012469135802469137,0.5877862595419847,0.46666666666666673,0.9610389610389611,-0.0003012653143201446,0.018726591760299626,-0.0018295870360690014,-0.03717472118959108,0.5798319327731092,0.008602150537634409,-0.00026673779674579886,0.11554192229038857,0.055194805194805185,0.19791666666666666,-0.01075268817204301,0.10566037735849057,-0.0020202020202020206,-2.2727789267937906e-05,0.37311178247734134,0.2550335570469799,0.05473684210526315,0.027733575812684708,-0.019698725376593278,0.12020680741059889,0.34,0.0,0.0,1.0,0.9948931986606936,0.14626865671641792,0.0
49,0.24615384615384617,1.0,0.5275343642611683,0.30714285714285716,0.19285714285714287,0.12857142857142856,0.16161616161616163,-0.11111111111111112,0.28030303030303033,0.5818181818181818,0.012469135802469137,0.5877862595419847,0.46666666666666673,0.9610389610389611,-0.0003012653143201446,0.018726591760299626,-0.0018295870360690014,-0.03717472118959108,0.5798319327731092,0.008602150537634409,-0.00026673779674579886,0.11554192229038857,0.055194805194805185,0.19791666666666666,-0.01075268817204301,0.10566037735849057,-0.0020202020202020206,-2.2727789267937906e-05,0.37311178247734134,0.2550335570469799,0.05473684210526315,0.027733575812684708,-0.019698725376593278,0.12020680741059889,0.34,0.0,0.0,1.0,0.9948931986606936,0.14925373134328357,0.0
50,0.22307692307692312,0.9875,0.5246563573883163,0.2785714285714286,0.1857142857142857,0.125,0.19191919191919193,-0.11111111111111112,0.28030303030303033,0.5818181818181818,0.012469135802469137,0.5877862595419847,0.46666666666666673,0.9610389610389611,-0.0003012653143201446,0.018726591760299626,-0.0018295870360690014,-0.03717472118959108,0.5798319327731092,0.008602150537634409,-0.00026673779674579886,0.11554192229038857,0.055194805194805185,0.19791666666666666,-0.01075268817204301,0.10566037735849057,-0.0020202020202020206,-2.2727789267937906e-05,0.37311178247734134,0.2550335570469799,0.05473684210526315,0.027733575812684708,-0.019698725376593278,0.12020680741059889,0.34,0.0,0.0,1.0,0.9948931986606936,0.15223880597014924,0.0
51,0.23461538461538461,0.9875,0.5217783505154638,0.2857142857142857,0.1892857142857143,0.12857142857142856,0.12121212121212123,-0.11111111111111112,0.28030303030303033,0.5818181818181818,0.012469135802469137,0.5877862595419847,0.46666666666666673,0.9610389610389611,-0.0003012653143201446,0.018726591760299626,-0.0018295870360690014,-0.03717472118959108,0.5798319327731092,0.008602150537634409,-0.00026673779674579886,0.11554192229038857,0.055194805194805185,0.19791666666666666,-0.01075268817204301,0.10566037735849057,-0.0020202020202020206,-2.2727789267937906e-05,0.37311178247734134,0.2550335570469799,0.05473684210526315,0.027733575812684708,-0.019698725376593278,0.12020680741059889,0.34,0.0,0.0,1.0,0.9948931986606936,0.15522388059701492,0.0
52,0.2538461538461539,0.9500000000000002,0.5189003436426116,0.2678571428571429,0.18214285714285713,0.125,0.16161616161616163,-0.11111111111111112,0.28030303030303033,0.5818181818181818,0.012469135802469137,0.5877862595419847,0.46666666666666673,0.9610389610389611,-0.0003012653143201446,0.018726591760299626,-0.0018295870360690014,-0.03717472118959108,0.5798319327731092,0.008602150537634409,-0.00026673779674579886,0.11554192229038857,0.055194805194805185,0.19791666666666666,-0.01075268817204301,0.10566037735849057,-0.0020202020202020206,-2.2727789267937906e-05,0.37311178247734134,0.2550335570469799,0.05473684210526315,0.027733575812684708,-0.019698725376593278,0.12020680741059889,0.34,0.0,0.0,1.0,0.9948931986606936,0.1582089552238806,0.0
53,0.25,0.9375,0.5189003436426116,0.26428571428571423,0.17142857142857143,0.11785714285714285,0.13131313131313133,-0.11111111111111112,0.28030303030303033,0.5818181818181818,0.012469135802469137,0.5877862595419847,0.46666666666666673,0.9610389610389611,-0.0003012653143201446,0.018726591760299626,-0.0018295870360690014,-0.03717472118959108,0.5798319327731092,0.008602150537634409,-0.00026673779674579886,0.11554192229038857,0.055194805194805185,0.19791666666666666,-0.01075268817204301,0.10566037735849057,-0.0020202020202020206,-2.2727789267937906e-05,0.37311178247734134,0.2550335570469799,0.05473684210526315,0.027733575812684708,-0.019698725376593278,0.12020680741059889,0.34,0.0,0.0,1.0,0.9948931986606936,0.16119402985074627,0.0
54,0.25,0.9625000000000001,0.5189003436426116,0.2857142857142857,0.1892857142857143,0.12857142857142856,0.12121212121212123,-0.11111111111111112,0.28030303030303033,0.5818181818181818,0.012469135802469137,0.5877862595419847,0.46666666666666673,0.9610389610389611,-0.0003012653143201446,0.018726591760299626,-0.0018295870360690014,-0.03717472118959108,0.5798319327731092,0.008602150537634409,-0.00026673779674579886,0.11554192229038857,0.055194805194805185,0.19791666666666666,-0.01075268817204301,0.10566037735849057,-0.0020202020202020206,-2.2727789267937906e-05,0.37311178247734134,0.2550335570469799,0.05473684210526315,0.027733575812684708,-0.019698725376593278,0.12020680741059889,0.34,0.0,0.0,1.0,0.9948931986606936,0.16417910447761194,0.0
